ZipRange 0	125000	161323
ZipRange 1	112598	121402
ZipRange 10	82361	83230
ZipRange 100	37869	38054
ZipRange 101	37648	37861
ZipRange 102	37330	37639
ZipRange 103	37163	37326
ZipRange 104	36932	37115
ZipRange 105	36667	36918
ZipRange 106	36500	36625
ZipRange 107	36250	36468
ZipRange 108	35956	36250
ZipRange 109	35765	35914
ZipRange 11	79144	82181
ZipRange 110	35555	35763
ZipRange 111	35419	35553
ZipRange 112	35191	35387
ZipRange 113	34890	35181
ZipRange 114	34643	34875
ZipRange 115	34399	34627
ZipRange 116	34116	34375
ZipRange 117	33783	34107
ZipRange 118	33647	33777
ZipRange 119	33377	33611
ZipRange 12	77013	78627
ZipRange 120	33159	33357
ZipRange 121	32873	33125
ZipRange 122	32465	32862
ZipRange 123	32292	32464
ZipRange 124	32093	32257
ZipRange 125	31827	32031
ZipRange 126	31600	31788
ZipRange 127	31371	31583
ZipRange 128	31250	31364
ZipRange 129	31142	31250
ZipRange 13	75754	77000
ZipRange 130	30954	31125
ZipRange 131	30701	30921
ZipRange 132	30592	30700
ZipRange 133	30374	30581
ZipRange 134	30000	30341
ZipRange 135	29821	30000
ZipRange 136	29659	29808
ZipRange 137	29377	29650
ZipRange 138	28994	29358
ZipRange 139	28720	28992
ZipRange 14	74866	75680
ZipRange 140	28393	28700
ZipRange 141	28125	28358
ZipRange 142	27841	28112
ZipRange 143	27460	27837
ZipRange 144	27188	27450
ZipRange 145	26827	27114
ZipRange 146	26518	26765
ZipRange 147	26092	26458
ZipRange 148	25748	26070
ZipRange 149	25415	25714
ZipRange 15	74113	74784
ZipRange 150	24813	25313
ZipRange 151	24202	24813
ZipRange 152	23904	24199
ZipRange 153	23571	23894
ZipRange 154	23196	23542
ZipRange 155	22500	23036
ZipRange 156	22258	22435
ZipRange 157	21924	22250
ZipRange 158	21500	21917
ZipRange 159	20543	21500
ZipRange 16	72500	74096
ZipRange 160	20267	20499
ZipRange 161	18007	20075
ZipRange 162	16250	17788
ZipRange 163	13750	16071
ZipRange 164	11586	13750
ZipRange 165	0	11532
ZipRange 166	0	0
ZipRange 167	0	0
ZipRange 17	71628	72305
ZipRange 18	70606	71607
ZipRange 19	69423	70417
ZipRange 2	104113	112130
ZipRange 20	68773	69318
ZipRange 21	68163	68715
ZipRange 22	67625	68143
ZipRange 23	66808	67588
ZipRange 24	66237	66796
ZipRange 25	65794	66237
ZipRange 26	64646	65664
ZipRange 27	63975	64479
ZipRange 28	63488	63958
ZipRange 29	62917	63462
ZipRange 3	100117	104034
ZipRange 30	62462	62878
ZipRange 31	61672	62451
ZipRange 32	61250	61484
ZipRange 33	60871	61250
ZipRange 34	60487	60849
ZipRange 35	60083	60473
ZipRange 36	59700	60039
ZipRange 37	59211	59688
ZipRange 38	58750	59115
ZipRange 39	58108	58671
ZipRange 4	96465	99943
ZipRange 40	57750	58077
ZipRange 41	57404	57691
ZipRange 42	56808	57353
ZipRange 43	56433	56754
ZipRange 44	55993	56364
ZipRange 45	55322	55806
ZipRange 46	54671	55306
ZipRange 47	53942	54660
ZipRange 48	53642	53936
ZipRange 49	52889	53606
ZipRange 5	92375	96247
ZipRange 50	52292	52791
ZipRange 51	51965	52279
ZipRange 52	51544	51908
ZipRange 53	51113	51544
ZipRange 54	50766	51082
ZipRange 55	50467	50750
ZipRange 56	50226	50420
ZipRange 57	50035	50222
ZipRange 58	49802	50027
ZipRange 59	49444	49779
ZipRange 6	89048	92157
ZipRange 60	49063	49417
ZipRange 61	48735	49004
ZipRange 62	48406	48730
ZipRange 63	48122	48393
ZipRange 64	47813	48103
ZipRange 65	47455	47776
ZipRange 66	47083	47453
ZipRange 67	46852	47036
ZipRange 68	46402	46818
ZipRange 69	46144	46385
ZipRange 7	86592	88633
ZipRange 70	45905	46136
ZipRange 71	45625	45877
ZipRange 72	45448	45611
ZipRange 73	45151	45417
ZipRange 74	44971	45131
ZipRange 75	44704	44931
ZipRange 76	44259	44678
ZipRange 77	43827	44231
ZipRange 78	43553	43812
ZipRange 79	43191	43484
ZipRange 8	84616	86342
ZipRange 80	42841	43188
ZipRange 81	42617	42822
ZipRange 82	42461	42613
ZipRange 83	42263	42393
ZipRange 84	42000	42237
ZipRange 85	41679	42000
ZipRange 86	41513	41665
ZipRange 87	41330	41500
ZipRange 88	41052	41318
ZipRange 89	40813	40980
ZipRange 9	83257	84581
ZipRange 90	40549	40782
ZipRange 91	40354	40536
ZipRange 92	40057	40350
ZipRange 93	39766	40046
ZipRange 94	39415	39760
ZipRange 95	39269	39391
ZipRange 96	39119	39250
ZipRange 97	38807	39090
ZipRange 98	38393	38795
ZipRange 99	38082	38349
